0 2 7 3 8 0 0 1 0 
0 1 0 0 0 6 7 3 5 
0 0 0 0 0 0 0 2 9 
3 0 5 6 9 2 0 8 0 
0 0 0 0 0 0 0 0 0 
0 6 0 1 7 4 5 0 3 
6 4 0 0 0 0 0 0 0 
9 5 1 8 0 0 0 7 0 
0 8 0 0 6 5 3 4 0 

4 0 0 0 0 0 8 0 5 
0 3 0 0 0 0 0 0 0 
0 0 0 7 0 0 0 0 0 
0 2 0 0 0 0 0 6 0 
0 0 0 0 8 0 4 0 0 
0 0 0 0 1 0 0 0 0 
0 0 0 6 0 3 0 7 0 
5 0 0 2 0 0 0 0 0 
1 0 4 0 0 0 0 0 0 

4 0 0 0 0 0 8 0 5 
0 3 0 0 0 0 0 0 0 
0 0 0 7 0 0 0 0 0 
0 2 0 0 0 0 0 6 0 
0 0 0 0 8 0 4 0 0 
0 0 0 0 1 0 0 0 0 
0 0 0 6 0 3 0 7 0 
5 0 0 2 0 0 0 0 0 
1 0 4 0 0 0 0 0 0
