3
E:\GitHub\Sudoku_Pair\sudoku\x64\Release\sudoku.exe
-c
100
7 1 2 3 4 5 6 8 9
3 4 5 6 8 9 1 2 7
6 8 9 1 2 7 3 4 5
1 2 3 4 5 6 7 9 8
4 5 6 7 9 8 2 1 3
8 9 7 2 1 3 4 5 6
2 3 8 5 6 1 9 7 4
5 6 1 9 7 4 8 3 2
9 7 4 8 3 2 5 6 1

7 1 2 3 4 5 6 8 9
3 4 5 6 8 9 1 2 7
6 8 9 1 2 7 3 4 5
1 2 3 4 5 6 7 9 8
4 5 6 7 9 8 2 1 3
8 9 7 2 1 3 4 5 6
2 3 8 5 6 1 9 7 4
5 6 4 9 7 2 8 3 1
9 7 1 8 3 4 5 6 2

7 1 2 3 4 5 6 8 9
3 4 5 6 8 9 1 2 7
6 8 9 1 2 7 3 4 5
1 2 3 4 5 6 7 9 8
4 5 6 7 9 8 2 1 3
8 9 7 2 1 3 4 5 6
2 3 8 5 6 1 9 7 4
5 7 1 9 3 4 8 6 2
9 6 4 8 7 2 5 3 1

7 1 2 3 4 5 6 8 9
3 4 5 6 8 9 1 2 7
6 8 9 1 2 7 3 4 5
1 2 3 4 5 6 7 9 8
4 5 6 7 9 8 2 1 3
8 9 7 2 1 3 4 5 6
2 3 8 5 6 1 9 7 4
5 7 4 9 3 2 8 6 1
9 6 1 8 7 4 5 3 2

7 1 2 3 4 5 6 8 9
3 4 5 6 8 9 1 2 7
6 8 9 1 2 7 3 4 5
1 2 3 4 5 6 7 9 8
4 5 6 7 9 8 2 1 3
8 9 7 2 1 3 4 5 6
2 3 8 5 6 1 9 7 4
9 6 1 8 7 4 5 3 2
5 7 4 9 3 2 8 6 1

7 1 2 3 4 5 6 8 9
3 4 5 6 8 9 1 2 7
6 8 9 1 2 7 3 4 5
1 2 3 4 5 6 7 9 8
4 5 6 7 9 8 2 1 3
8 9 7 2 1 3 4 5 6
2 3 8 5 6 1 9 7 4
9 6 4 8 7 2 5 3 1
5 7 1 9 3 4 8 6 2

7 1 2 3 4 5 6 8 9
3 4 5 6 8 9 1 2 7
6 8 9 1 2 7 3 4 5
1 2 3 4 5 6 7 9 8
4 5 6 7 9 8 2 1 3
8 9 7 2 1 3 4 5 6
2 3 8 5 6 1 9 7 4
9 7 1 8 3 4 5 6 2
5 6 4 9 7 2 8 3 1

7 1 2 3 4 5 6 8 9
3 4 5 6 8 9 1 2 7
6 8 9 1 2 7 3 4 5
1 2 3 4 5 6 7 9 8
4 5 6 7 9 8 2 1 3
8 9 7 2 1 3 4 5 6
2 3 8 5 6 1 9 7 4
9 7 4 8 3 2 5 6 1
5 6 1 9 7 4 8 3 2

7 1 2 3 4 5 6 8 9
3 4 5 6 8 9 1 2 7
6 8 9 1 2 7 3 4 5
1 2 3 4 5 6 7 9 8
4 5 6 7 9 8 2 1 3
8 9 7 2 1 3 4 5 6
2 3 8 5 6 4 9 7 1
5 6 1 9 7 2 8 3 4
9 7 4 8 3 1 5 6 2

7 1 2 3 4 5 6 8 9
3 4 5 6 8 9 1 2 7
6 8 9 1 2 7 3 4 5
1 2 3 4 5 6 7 9 8
4 5 6 7 9 8 2 1 3
8 9 7 2 1 3 4 5 6
2 3 8 5 6 4 9 7 1
5 6 4 9 7 1 8 3 2
9 7 1 8 3 2 5 6 4

7 1 2 3 4 5 6 8 9
3 4 5 6 8 9 1 2 7
6 8 9 1 2 7 3 4 5
1 2 3 4 5 6 7 9 8
4 5 6 7 9 8 2 1 3
8 9 7 2 1 3 4 5 6
2 3 8 5 6 4 9 7 1
5 7 1 9 3 2 8 6 4
9 6 4 8 7 1 5 3 2

7 1 2 3 4 5 6 8 9
3 4 5 6 8 9 1 2 7
6 8 9 1 2 7 3 4 5
1 2 3 4 5 6 7 9 8
4 5 6 7 9 8 2 1 3
8 9 7 2 1 3 4 5 6
2 3 8 5 6 4 9 7 1
5 7 4 9 3 1 8 6 2
9 6 1 8 7 2 5 3 4

7 1 2 3 4 5 6 8 9
3 4 5 6 8 9 1 2 7
6 8 9 1 2 7 3 4 5
1 2 3 4 5 6 7 9 8
4 5 6 7 9 8 2 1 3
8 9 7 2 1 3 4 5 6
2 3 8 5 6 4 9 7 1
9 6 1 8 7 2 5 3 4
5 7 4 9 3 1 8 6 2

7 1 2 3 4 5 6 8 9
3 4 5 6 8 9 1 2 7
6 8 9 1 2 7 3 4 5
1 2 3 4 5 6 7 9 8
4 5 6 7 9 8 2 1 3
8 9 7 2 1 3 4 5 6
2 3 8 5 6 4 9 7 1
9 6 4 8 7 1 5 3 2
5 7 1 9 3 2 8 6 4

7 1 2 3 4 5 6 8 9
3 4 5 6 8 9 1 2 7
6 8 9 1 2 7 3 4 5
1 2 3 4 5 6 7 9 8
4 5 6 7 9 8 2 1 3
8 9 7 2 1 3 4 5 6
2 3 8 5 6 4 9 7 1
9 7 1 8 3 2 5 6 4
5 6 4 9 7 1 8 3 2

7 1 2 3 4 5 6 8 9
3 4 5 6 8 9 1 2 7
6 8 9 1 2 7 3 4 5
1 2 3 4 5 6 7 9 8
4 5 6 7 9 8 2 1 3
8 9 7 2 1 3 4 5 6
2 3 8 5 6 4 9 7 1
9 7 4 8 3 1 5 6 2
5 6 1 9 7 2 8 3 4

7 1 2 3 4 5 6 8 9
3 4 5 6 8 9 1 2 7
6 8 9 1 2 7 3 4 5
1 2 3 4 5 6 7 9 8
4 5 6 7 9 8 2 1 3
8 9 7 2 1 3 4 5 6
2 3 8 5 7 1 9 6 4
5 6 1 9 3 4 8 7 2
9 7 4 8 6 2 5 3 1

7 1 2 3 4 5 6 8 9
3 4 5 6 8 9 1 2 7
6 8 9 1 2 7 3 4 5
1 2 3 4 5 6 7 9 8
4 5 6 7 9 8 2 1 3
8 9 7 2 1 3 4 5 6
2 3 8 5 7 1 9 6 4
5 6 4 9 3 2 8 7 1
9 7 1 8 6 4 5 3 2

7 1 2 3 4 5 6 8 9
3 4 5 6 8 9 1 2 7
6 8 9 1 2 7 3 4 5
1 2 3 4 5 6 7 9 8
4 5 6 7 9 8 2 1 3
8 9 7 2 1 3 4 5 6
2 3 8 5 7 1 9 6 4
5 7 1 9 6 4 8 3 2
9 6 4 8 3 2 5 7 1

7 1 2 3 4 5 6 8 9
3 4 5 6 8 9 1 2 7
6 8 9 1 2 7 3 4 5
1 2 3 4 5 6 7 9 8
4 5 6 7 9 8 2 1 3
8 9 7 2 1 3 4 5 6
2 3 8 5 7 1 9 6 4
5 7 4 9 6 2 8 3 1
9 6 1 8 3 4 5 7 2

7 1 2 3 4 5 6 8 9
3 4 5 6 8 9 1 2 7
6 8 9 1 2 7 3 4 5
1 2 3 4 5 6 7 9 8
4 5 6 7 9 8 2 1 3
8 9 7 2 1 3 4 5 6
2 3 8 5 7 1 9 6 4
9 6 1 8 3 4 5 7 2
5 7 4 9 6 2 8 3 1

7 1 2 3 4 5 6 8 9
3 4 5 6 8 9 1 2 7
6 8 9 1 2 7 3 4 5
1 2 3 4 5 6 7 9 8
4 5 6 7 9 8 2 1 3
8 9 7 2 1 3 4 5 6
2 3 8 5 7 1 9 6 4
9 6 4 8 3 2 5 7 1
5 7 1 9 6 4 8 3 2

7 1 2 3 4 5 6 8 9
3 4 5 6 8 9 1 2 7
6 8 9 1 2 7 3 4 5
1 2 3 4 5 6 7 9 8
4 5 6 7 9 8 2 1 3
8 9 7 2 1 3 4 5 6
2 3 8 5 7 1 9 6 4
9 7 1 8 6 4 5 3 2
5 6 4 9 3 2 8 7 1

7 1 2 3 4 5 6 8 9
3 4 5 6 8 9 1 2 7
6 8 9 1 2 7 3 4 5
1 2 3 4 5 6 7 9 8
4 5 6 7 9 8 2 1 3
8 9 7 2 1 3 4 5 6
2 3 8 5 7 1 9 6 4
9 7 4 8 6 2 5 3 1
5 6 1 9 3 4 8 7 2

7 1 2 3 4 5 6 8 9
3 4 5 6 8 9 1 2 7
6 8 9 1 2 7 3 4 5
1 2 3 4 5 6 7 9 8
4 5 6 7 9 8 2 1 3
8 9 7 2 1 3 4 5 6
2 3 8 5 7 4 9 6 1
5 6 1 9 3 2 8 7 4
9 7 4 8 6 1 5 3 2

7 1 2 3 4 5 6 8 9
3 4 5 6 8 9 1 2 7
6 8 9 1 2 7 3 4 5
1 2 3 4 5 6 7 9 8
4 5 6 7 9 8 2 1 3
8 9 7 2 1 3 4 5 6
2 3 8 5 7 4 9 6 1
5 6 4 9 3 1 8 7 2
9 7 1 8 6 2 5 3 4

7 1 2 3 4 5 6 8 9
3 4 5 6 8 9 1 2 7
6 8 9 1 2 7 3 4 5
1 2 3 4 5 6 7 9 8
4 5 6 7 9 8 2 1 3
8 9 7 2 1 3 4 5 6
2 3 8 5 7 4 9 6 1
5 7 1 9 6 2 8 3 4
9 6 4 8 3 1 5 7 2

7 1 2 3 4 5 6 8 9
3 4 5 6 8 9 1 2 7
6 8 9 1 2 7 3 4 5
1 2 3 4 5 6 7 9 8
4 5 6 7 9 8 2 1 3
8 9 7 2 1 3 4 5 6
2 3 8 5 7 4 9 6 1
5 7 4 9 6 1 8 3 2
9 6 1 8 3 2 5 7 4

7 1 2 3 4 5 6 8 9
3 4 5 6 8 9 1 2 7
6 8 9 1 2 7 3 4 5
1 2 3 4 5 6 7 9 8
4 5 6 7 9 8 2 1 3
8 9 7 2 1 3 4 5 6
2 3 8 5 7 4 9 6 1
9 6 1 8 3 2 5 7 4
5 7 4 9 6 1 8 3 2

7 1 2 3 4 5 6 8 9
3 4 5 6 8 9 1 2 7
6 8 9 1 2 7 3 4 5
1 2 3 4 5 6 7 9 8
4 5 6 7 9 8 2 1 3
8 9 7 2 1 3 4 5 6
2 3 8 5 7 4 9 6 1
9 6 4 8 3 1 5 7 2
5 7 1 9 6 2 8 3 4

7 1 2 3 4 5 6 8 9
3 4 5 6 8 9 1 2 7
6 8 9 1 2 7 3 4 5
1 2 3 4 5 6 7 9 8
4 5 6 7 9 8 2 1 3
8 9 7 2 1 3 4 5 6
2 3 8 5 7 4 9 6 1
9 7 1 8 6 2 5 3 4
5 6 4 9 3 1 8 7 2

7 1 2 3 4 5 6 8 9
3 4 5 6 8 9 1 2 7
6 8 9 1 2 7 3 4 5
1 2 3 4 5 6 7 9 8
4 5 6 7 9 8 2 1 3
8 9 7 2 1 3 4 5 6
2 3 8 5 7 4 9 6 1
9 7 4 8 6 1 5 3 2
5 6 1 9 3 2 8 7 4

7 1 2 3 4 5 6 8 9
3 4 5 6 8 9 1 2 7
6 8 9 1 2 7 3 4 5
1 2 3 4 5 6 7 9 8
4 5 6 7 9 8 2 1 3
8 9 7 2 1 3 4 5 6
2 3 8 9 6 1 5 7 4
5 6 1 8 7 4 9 3 2
9 7 4 5 3 2 8 6 1

7 1 2 3 4 5 6 8 9
3 4 5 6 8 9 1 2 7
6 8 9 1 2 7 3 4 5
1 2 3 4 5 6 7 9 8
4 5 6 7 9 8 2 1 3
8 9 7 2 1 3 4 5 6
2 3 8 9 6 1 5 7 4
5 6 4 8 7 2 9 3 1
9 7 1 5 3 4 8 6 2

7 1 2 3 4 5 6 8 9
3 4 5 6 8 9 1 2 7
6 8 9 1 2 7 3 4 5
1 2 3 4 5 6 7 9 8
4 5 6 7 9 8 2 1 3
8 9 7 2 1 3 4 5 6
2 3 8 9 6 1 5 7 4
5 7 1 8 3 4 9 6 2
9 6 4 5 7 2 8 3 1

7 1 2 3 4 5 6 8 9
3 4 5 6 8 9 1 2 7
6 8 9 1 2 7 3 4 5
1 2 3 4 5 6 7 9 8
4 5 6 7 9 8 2 1 3
8 9 7 2 1 3 4 5 6
2 3 8 9 6 1 5 7 4
5 7 4 8 3 2 9 6 1
9 6 1 5 7 4 8 3 2

7 1 2 3 4 5 6 8 9
3 4 5 6 8 9 1 2 7
6 8 9 1 2 7 3 4 5
1 2 3 4 5 6 7 9 8
4 5 6 7 9 8 2 1 3
8 9 7 2 1 3 4 5 6
2 3 8 9 6 1 5 7 4
9 6 1 5 7 4 8 3 2
5 7 4 8 3 2 9 6 1

7 1 2 3 4 5 6 8 9
3 4 5 6 8 9 1 2 7
6 8 9 1 2 7 3 4 5
1 2 3 4 5 6 7 9 8
4 5 6 7 9 8 2 1 3
8 9 7 2 1 3 4 5 6
2 3 8 9 6 1 5 7 4
9 6 4 5 7 2 8 3 1
5 7 1 8 3 4 9 6 2

7 1 2 3 4 5 6 8 9
3 4 5 6 8 9 1 2 7
6 8 9 1 2 7 3 4 5
1 2 3 4 5 6 7 9 8
4 5 6 7 9 8 2 1 3
8 9 7 2 1 3 4 5 6
2 3 8 9 6 1 5 7 4
9 7 1 5 3 4 8 6 2
5 6 4 8 7 2 9 3 1

7 1 2 3 4 5 6 8 9
3 4 5 6 8 9 1 2 7
6 8 9 1 2 7 3 4 5
1 2 3 4 5 6 7 9 8
4 5 6 7 9 8 2 1 3
8 9 7 2 1 3 4 5 6
2 3 8 9 6 1 5 7 4
9 7 4 5 3 2 8 6 1
5 6 1 8 7 4 9 3 2

7 1 2 3 4 5 6 8 9
3 4 5 6 8 9 1 2 7
6 8 9 1 2 7 3 4 5
1 2 3 4 5 6 7 9 8
4 5 6 7 9 8 2 1 3
8 9 7 2 1 3 4 5 6
2 3 8 9 6 4 5 7 1
5 6 1 8 7 2 9 3 4
9 7 4 5 3 1 8 6 2

7 1 2 3 4 5 6 8 9
3 4 5 6 8 9 1 2 7
6 8 9 1 2 7 3 4 5
1 2 3 4 5 6 7 9 8
4 5 6 7 9 8 2 1 3
8 9 7 2 1 3 4 5 6
2 3 8 9 6 4 5 7 1
5 6 4 8 7 1 9 3 2
9 7 1 5 3 2 8 6 4

7 1 2 3 4 5 6 8 9
3 4 5 6 8 9 1 2 7
6 8 9 1 2 7 3 4 5
1 2 3 4 5 6 7 9 8
4 5 6 7 9 8 2 1 3
8 9 7 2 1 3 4 5 6
2 3 8 9 6 4 5 7 1
5 7 1 8 3 2 9 6 4
9 6 4 5 7 1 8 3 2

7 1 2 3 4 5 6 8 9
3 4 5 6 8 9 1 2 7
6 8 9 1 2 7 3 4 5
1 2 3 4 5 6 7 9 8
4 5 6 7 9 8 2 1 3
8 9 7 2 1 3 4 5 6
2 3 8 9 6 4 5 7 1
5 7 4 8 3 1 9 6 2
9 6 1 5 7 2 8 3 4

7 1 2 3 4 5 6 8 9
3 4 5 6 8 9 1 2 7
6 8 9 1 2 7 3 4 5
1 2 3 4 5 6 7 9 8
4 5 6 7 9 8 2 1 3
8 9 7 2 1 3 4 5 6
2 3 8 9 6 4 5 7 1
9 6 1 5 7 2 8 3 4
5 7 4 8 3 1 9 6 2

7 1 2 3 4 5 6 8 9
3 4 5 6 8 9 1 2 7
6 8 9 1 2 7 3 4 5
1 2 3 4 5 6 7 9 8
4 5 6 7 9 8 2 1 3
8 9 7 2 1 3 4 5 6
2 3 8 9 6 4 5 7 1
9 6 4 5 7 1 8 3 2
5 7 1 8 3 2 9 6 4

7 1 2 3 4 5 6 8 9
3 4 5 6 8 9 1 2 7
6 8 9 1 2 7 3 4 5
1 2 3 4 5 6 7 9 8
4 5 6 7 9 8 2 1 3
8 9 7 2 1 3 4 5 6
2 3 8 9 6 4 5 7 1
9 7 1 5 3 2 8 6 4
5 6 4 8 7 1 9 3 2

7 1 2 3 4 5 6 8 9
3 4 5 6 8 9 1 2 7
6 8 9 1 2 7 3 4 5
1 2 3 4 5 6 7 9 8
4 5 6 7 9 8 2 1 3
8 9 7 2 1 3 4 5 6
2 3 8 9 6 4 5 7 1
9 7 4 5 3 1 8 6 2
5 6 1 8 7 2 9 3 4

7 1 2 3 4 5 6 8 9
3 4 5 6 8 9 1 2 7
6 8 9 1 2 7 3 4 5
1 2 3 4 5 6 7 9 8
4 5 6 7 9 8 2 1 3
8 9 7 2 1 3 4 5 6
2 3 8 9 7 1 5 6 4
5 6 1 8 3 4 9 7 2
9 7 4 5 6 2 8 3 1

7 1 2 3 4 5 6 8 9
3 4 5 6 8 9 1 2 7
6 8 9 1 2 7 3 4 5
1 2 3 4 5 6 7 9 8
4 5 6 7 9 8 2 1 3
8 9 7 2 1 3 4 5 6
2 3 8 9 7 1 5 6 4
5 6 4 8 3 2 9 7 1
9 7 1 5 6 4 8 3 2

7 1 2 3 4 5 6 8 9
3 4 5 6 8 9 1 2 7
6 8 9 1 2 7 3 4 5
1 2 3 4 5 6 7 9 8
4 5 6 7 9 8 2 1 3
8 9 7 2 1 3 4 5 6
2 3 8 9 7 1 5 6 4
5 7 1 8 6 4 9 3 2
9 6 4 5 3 2 8 7 1

7 1 2 3 4 5 6 8 9
3 4 5 6 8 9 1 2 7
6 8 9 1 2 7 3 4 5
1 2 3 4 5 6 7 9 8
4 5 6 7 9 8 2 1 3
8 9 7 2 1 3 4 5 6
2 3 8 9 7 1 5 6 4
5 7 4 8 6 2 9 3 1
9 6 1 5 3 4 8 7 2

7 1 2 3 4 5 6 8 9
3 4 5 6 8 9 1 2 7
6 8 9 1 2 7 3 4 5
1 2 3 4 5 6 7 9 8
4 5 6 7 9 8 2 1 3
8 9 7 2 1 3 4 5 6
2 3 8 9 7 1 5 6 4
9 6 1 5 3 4 8 7 2
5 7 4 8 6 2 9 3 1

7 1 2 3 4 5 6 8 9
3 4 5 6 8 9 1 2 7
6 8 9 1 2 7 3 4 5
1 2 3 4 5 6 7 9 8
4 5 6 7 9 8 2 1 3
8 9 7 2 1 3 4 5 6
2 3 8 9 7 1 5 6 4
9 6 4 5 3 2 8 7 1
5 7 1 8 6 4 9 3 2

7 1 2 3 4 5 6 8 9
3 4 5 6 8 9 1 2 7
6 8 9 1 2 7 3 4 5
1 2 3 4 5 6 7 9 8
4 5 6 7 9 8 2 1 3
8 9 7 2 1 3 4 5 6
2 3 8 9 7 1 5 6 4
9 7 1 5 6 4 8 3 2
5 6 4 8 3 2 9 7 1

7 1 2 3 4 5 6 8 9
3 4 5 6 8 9 1 2 7
6 8 9 1 2 7 3 4 5
1 2 3 4 5 6 7 9 8
4 5 6 7 9 8 2 1 3
8 9 7 2 1 3 4 5 6
2 3 8 9 7 1 5 6 4
9 7 4 5 6 2 8 3 1
5 6 1 8 3 4 9 7 2

7 1 2 3 4 5 6 8 9
3 4 5 6 8 9 1 2 7
6 8 9 1 2 7 3 4 5
1 2 3 4 5 6 7 9 8
4 5 6 7 9 8 2 1 3
8 9 7 2 1 3 4 5 6
2 3 8 9 7 4 5 6 1
5 6 1 8 3 2 9 7 4
9 7 4 5 6 1 8 3 2

7 1 2 3 4 5 6 8 9
3 4 5 6 8 9 1 2 7
6 8 9 1 2 7 3 4 5
1 2 3 4 5 6 7 9 8
4 5 6 7 9 8 2 1 3
8 9 7 2 1 3 4 5 6
2 3 8 9 7 4 5 6 1
5 6 4 8 3 1 9 7 2
9 7 1 5 6 2 8 3 4

7 1 2 3 4 5 6 8 9
3 4 5 6 8 9 1 2 7
6 8 9 1 2 7 3 4 5
1 2 3 4 5 6 7 9 8
4 5 6 7 9 8 2 1 3
8 9 7 2 1 3 4 5 6
2 3 8 9 7 4 5 6 1
5 7 1 8 6 2 9 3 4
9 6 4 5 3 1 8 7 2

7 1 2 3 4 5 6 8 9
3 4 5 6 8 9 1 2 7
6 8 9 1 2 7 3 4 5
1 2 3 4 5 6 7 9 8
4 5 6 7 9 8 2 1 3
8 9 7 2 1 3 4 5 6
2 3 8 9 7 4 5 6 1
5 7 4 8 6 1 9 3 2
9 6 1 5 3 2 8 7 4

7 1 2 3 4 5 6 8 9
3 4 5 6 8 9 1 2 7
6 8 9 1 2 7 3 4 5
1 2 3 4 5 6 7 9 8
4 5 6 7 9 8 2 1 3
8 9 7 2 1 3 4 5 6
2 3 8 9 7 4 5 6 1
9 6 1 5 3 2 8 7 4
5 7 4 8 6 1 9 3 2

7 1 2 3 4 5 6 8 9
3 4 5 6 8 9 1 2 7
6 8 9 1 2 7 3 4 5
1 2 3 4 5 6 7 9 8
4 5 6 7 9 8 2 1 3
8 9 7 2 1 3 4 5 6
2 3 8 9 7 4 5 6 1
9 6 4 5 3 1 8 7 2
5 7 1 8 6 2 9 3 4

7 1 2 3 4 5 6 8 9
3 4 5 6 8 9 1 2 7
6 8 9 1 2 7 3 4 5
1 2 3 4 5 6 7 9 8
4 5 6 7 9 8 2 1 3
8 9 7 2 1 3 4 5 6
2 3 8 9 7 4 5 6 1
9 7 1 5 6 2 8 3 4
5 6 4 8 3 1 9 7 2

7 1 2 3 4 5 6 8 9
3 4 5 6 8 9 1 2 7
6 8 9 1 2 7 3 4 5
1 2 3 4 5 6 7 9 8
4 5 6 7 9 8 2 1 3
8 9 7 2 1 3 4 5 6
2 3 8 9 7 4 5 6 1
9 7 4 5 6 1 8 3 2
5 6 1 8 3 2 9 7 4

7 1 2 3 4 5 6 8 9
3 4 5 6 8 9 1 2 7
6 8 9 1 2 7 3 4 5
1 2 3 4 5 6 7 9 8
4 5 6 7 9 8 2 1 3
8 9 7 2 1 3 4 5 6
2 6 8 5 3 1 9 7 4
5 3 1 9 7 4 8 6 2
9 7 4 8 6 2 5 3 1

7 1 2 3 4 5 6 8 9
3 4 5 6 8 9 1 2 7
6 8 9 1 2 7 3 4 5
1 2 3 4 5 6 7 9 8
4 5 6 7 9 8 2 1 3
8 9 7 2 1 3 4 5 6
2 6 8 5 3 1 9 7 4
5 3 4 9 7 2 8 6 1
9 7 1 8 6 4 5 3 2

7 1 2 3 4 5 6 8 9
3 4 5 6 8 9 1 2 7
6 8 9 1 2 7 3 4 5
1 2 3 4 5 6 7 9 8
4 5 6 7 9 8 2 1 3
8 9 7 2 1 3 4 5 6
2 6 8 5 3 1 9 7 4
5 7 1 9 6 4 8 3 2
9 3 4 8 7 2 5 6 1

7 1 2 3 4 5 6 8 9
3 4 5 6 8 9 1 2 7
6 8 9 1 2 7 3 4 5
1 2 3 4 5 6 7 9 8
4 5 6 7 9 8 2 1 3
8 9 7 2 1 3 4 5 6
2 6 8 5 3 1 9 7 4
5 7 4 9 6 2 8 3 1
9 3 1 8 7 4 5 6 2

7 1 2 3 4 5 6 8 9
3 4 5 6 8 9 1 2 7
6 8 9 1 2 7 3 4 5
1 2 3 4 5 6 7 9 8
4 5 6 7 9 8 2 1 3
8 9 7 2 1 3 4 5 6
2 6 8 5 3 1 9 7 4
9 3 1 8 7 4 5 6 2
5 7 4 9 6 2 8 3 1

7 1 2 3 4 5 6 8 9
3 4 5 6 8 9 1 2 7
6 8 9 1 2 7 3 4 5
1 2 3 4 5 6 7 9 8
4 5 6 7 9 8 2 1 3
8 9 7 2 1 3 4 5 6
2 6 8 5 3 1 9 7 4
9 3 4 8 7 2 5 6 1
5 7 1 9 6 4 8 3 2

7 1 2 3 4 5 6 8 9
3 4 5 6 8 9 1 2 7
6 8 9 1 2 7 3 4 5
1 2 3 4 5 6 7 9 8
4 5 6 7 9 8 2 1 3
8 9 7 2 1 3 4 5 6
2 6 8 5 3 1 9 7 4
9 7 1 8 6 4 5 3 2
5 3 4 9 7 2 8 6 1

7 1 2 3 4 5 6 8 9
3 4 5 6 8 9 1 2 7
6 8 9 1 2 7 3 4 5
1 2 3 4 5 6 7 9 8
4 5 6 7 9 8 2 1 3
8 9 7 2 1 3 4 5 6
2 6 8 5 3 1 9 7 4
9 7 4 8 6 2 5 3 1
5 3 1 9 7 4 8 6 2

7 1 2 3 4 5 6 8 9
3 4 5 6 8 9 1 2 7
6 8 9 1 2 7 3 4 5
1 2 3 4 5 6 7 9 8
4 5 6 7 9 8 2 1 3
8 9 7 2 1 3 4 5 6
2 6 8 5 3 4 9 7 1
5 3 1 9 7 2 8 6 4
9 7 4 8 6 1 5 3 2

7 1 2 3 4 5 6 8 9
3 4 5 6 8 9 1 2 7
6 8 9 1 2 7 3 4 5
1 2 3 4 5 6 7 9 8
4 5 6 7 9 8 2 1 3
8 9 7 2 1 3 4 5 6
2 6 8 5 3 4 9 7 1
5 3 4 9 7 1 8 6 2
9 7 1 8 6 2 5 3 4

7 1 2 3 4 5 6 8 9
3 4 5 6 8 9 1 2 7
6 8 9 1 2 7 3 4 5
1 2 3 4 5 6 7 9 8
4 5 6 7 9 8 2 1 3
8 9 7 2 1 3 4 5 6
2 6 8 5 3 4 9 7 1
5 7 1 9 6 2 8 3 4
9 3 4 8 7 1 5 6 2

7 1 2 3 4 5 6 8 9
3 4 5 6 8 9 1 2 7
6 8 9 1 2 7 3 4 5
1 2 3 4 5 6 7 9 8
4 5 6 7 9 8 2 1 3
8 9 7 2 1 3 4 5 6
2 6 8 5 3 4 9 7 1
5 7 4 9 6 1 8 3 2
9 3 1 8 7 2 5 6 4

7 1 2 3 4 5 6 8 9
3 4 5 6 8 9 1 2 7
6 8 9 1 2 7 3 4 5
1 2 3 4 5 6 7 9 8
4 5 6 7 9 8 2 1 3
8 9 7 2 1 3 4 5 6
2 6 8 5 3 4 9 7 1
9 3 1 8 7 2 5 6 4
5 7 4 9 6 1 8 3 2

7 1 2 3 4 5 6 8 9
3 4 5 6 8 9 1 2 7
6 8 9 1 2 7 3 4 5
1 2 3 4 5 6 7 9 8
4 5 6 7 9 8 2 1 3
8 9 7 2 1 3 4 5 6
2 6 8 5 3 4 9 7 1
9 3 4 8 7 1 5 6 2
5 7 1 9 6 2 8 3 4

7 1 2 3 4 5 6 8 9
3 4 5 6 8 9 1 2 7
6 8 9 1 2 7 3 4 5
1 2 3 4 5 6 7 9 8
4 5 6 7 9 8 2 1 3
8 9 7 2 1 3 4 5 6
2 6 8 5 3 4 9 7 1
9 7 1 8 6 2 5 3 4
5 3 4 9 7 1 8 6 2

7 1 2 3 4 5 6 8 9
3 4 5 6 8 9 1 2 7
6 8 9 1 2 7 3 4 5
1 2 3 4 5 6 7 9 8
4 5 6 7 9 8 2 1 3
8 9 7 2 1 3 4 5 6
2 6 8 5 3 4 9 7 1
9 7 4 8 6 1 5 3 2
5 3 1 9 7 2 8 6 4

7 1 2 3 4 5 6 8 9
3 4 5 6 8 9 1 2 7
6 8 9 1 2 7 3 4 5
1 2 3 4 5 6 7 9 8
4 5 6 7 9 8 2 1 3
8 9 7 2 1 3 4 5 6
2 6 8 5 7 1 9 3 4
5 3 1 9 6 4 8 7 2
9 7 4 8 3 2 5 6 1

7 1 2 3 4 5 6 8 9
3 4 5 6 8 9 1 2 7
6 8 9 1 2 7 3 4 5
1 2 3 4 5 6 7 9 8
4 5 6 7 9 8 2 1 3
8 9 7 2 1 3 4 5 6
2 6 8 5 7 1 9 3 4
5 3 4 9 6 2 8 7 1
9 7 1 8 3 4 5 6 2

7 1 2 3 4 5 6 8 9
3 4 5 6 8 9 1 2 7
6 8 9 1 2 7 3 4 5
1 2 3 4 5 6 7 9 8
4 5 6 7 9 8 2 1 3
8 9 7 2 1 3 4 5 6
2 6 8 5 7 1 9 3 4
5 7 1 9 3 4 8 6 2
9 3 4 8 6 2 5 7 1

7 1 2 3 4 5 6 8 9
3 4 5 6 8 9 1 2 7
6 8 9 1 2 7 3 4 5
1 2 3 4 5 6 7 9 8
4 5 6 7 9 8 2 1 3
8 9 7 2 1 3 4 5 6
2 6 8 5 7 1 9 3 4
5 7 4 9 3 2 8 6 1
9 3 1 8 6 4 5 7 2

7 1 2 3 4 5 6 8 9
3 4 5 6 8 9 1 2 7
6 8 9 1 2 7 3 4 5
1 2 3 4 5 6 7 9 8
4 5 6 7 9 8 2 1 3
8 9 7 2 1 3 4 5 6
2 6 8 5 7 1 9 3 4
9 3 1 8 6 4 5 7 2
5 7 4 9 3 2 8 6 1

7 1 2 3 4 5 6 8 9
3 4 5 6 8 9 1 2 7
6 8 9 1 2 7 3 4 5
1 2 3 4 5 6 7 9 8
4 5 6 7 9 8 2 1 3
8 9 7 2 1 3 4 5 6
2 6 8 5 7 1 9 3 4
9 3 4 8 6 2 5 7 1
5 7 1 9 3 4 8 6 2

7 1 2 3 4 5 6 8 9
3 4 5 6 8 9 1 2 7
6 8 9 1 2 7 3 4 5
1 2 3 4 5 6 7 9 8
4 5 6 7 9 8 2 1 3
8 9 7 2 1 3 4 5 6
2 6 8 5 7 1 9 3 4
9 7 1 8 3 4 5 6 2
5 3 4 9 6 2 8 7 1

7 1 2 3 4 5 6 8 9
3 4 5 6 8 9 1 2 7
6 8 9 1 2 7 3 4 5
1 2 3 4 5 6 7 9 8
4 5 6 7 9 8 2 1 3
8 9 7 2 1 3 4 5 6
2 6 8 5 7 1 9 3 4
9 7 4 8 3 2 5 6 1
5 3 1 9 6 4 8 7 2

7 1 2 3 4 5 6 8 9
3 4 5 6 8 9 1 2 7
6 8 9 1 2 7 3 4 5
1 2 3 4 5 6 7 9 8
4 5 6 7 9 8 2 1 3
8 9 7 2 1 3 4 5 6
2 6 8 5 7 4 9 3 1
5 3 1 9 6 2 8 7 4
9 7 4 8 3 1 5 6 2

7 1 2 3 4 5 6 8 9
3 4 5 6 8 9 1 2 7
6 8 9 1 2 7 3 4 5
1 2 3 4 5 6 7 9 8
4 5 6 7 9 8 2 1 3
8 9 7 2 1 3 4 5 6
2 6 8 5 7 4 9 3 1
5 3 4 9 6 1 8 7 2
9 7 1 8 3 2 5 6 4

7 1 2 3 4 5 6 8 9
3 4 5 6 8 9 1 2 7
6 8 9 1 2 7 3 4 5
1 2 3 4 5 6 7 9 8
4 5 6 7 9 8 2 1 3
8 9 7 2 1 3 4 5 6
2 6 8 5 7 4 9 3 1
5 7 1 9 3 2 8 6 4
9 3 4 8 6 1 5 7 2

7 1 2 3 4 5 6 8 9
3 4 5 6 8 9 1 2 7
6 8 9 1 2 7 3 4 5
1 2 3 4 5 6 7 9 8
4 5 6 7 9 8 2 1 3
8 9 7 2 1 3 4 5 6
2 6 8 5 7 4 9 3 1
5 7 4 9 3 1 8 6 2
9 3 1 8 6 2 5 7 4

7 1 2 3 4 5 6 8 9
3 4 5 6 8 9 1 2 7
6 8 9 1 2 7 3 4 5
1 2 3 4 5 6 7 9 8
4 5 6 7 9 8 2 1 3
8 9 7 2 1 3 4 5 6
2 6 8 5 7 4 9 3 1
9 3 1 8 6 2 5 7 4
5 7 4 9 3 1 8 6 2

7 1 2 3 4 5 6 8 9
3 4 5 6 8 9 1 2 7
6 8 9 1 2 7 3 4 5
1 2 3 4 5 6 7 9 8
4 5 6 7 9 8 2 1 3
8 9 7 2 1 3 4 5 6
2 6 8 5 7 4 9 3 1
9 3 4 8 6 1 5 7 2
5 7 1 9 3 2 8 6 4

7 1 2 3 4 5 6 8 9
3 4 5 6 8 9 1 2 7
6 8 9 1 2 7 3 4 5
1 2 3 4 5 6 7 9 8
4 5 6 7 9 8 2 1 3
8 9 7 2 1 3 4 5 6
2 6 8 5 7 4 9 3 1
9 7 1 8 3 2 5 6 4
5 3 4 9 6 1 8 7 2

7 1 2 3 4 5 6 8 9
3 4 5 6 8 9 1 2 7
6 8 9 1 2 7 3 4 5
1 2 3 4 5 6 7 9 8
4 5 6 7 9 8 2 1 3
8 9 7 2 1 3 4 5 6
2 6 8 5 7 4 9 3 1
9 7 4 8 3 1 5 6 2
5 3 1 9 6 2 8 7 4

7 1 2 3 4 5 6 8 9
3 4 5 6 8 9 1 2 7
6 8 9 1 2 7 3 4 5
1 2 3 4 5 6 7 9 8
4 5 6 7 9 8 2 1 3
8 9 7 2 1 3 4 5 6
2 6 8 9 3 1 5 7 4
5 3 1 8 7 4 9 6 2
9 7 4 5 6 2 8 3 1

7 1 2 3 4 5 6 8 9
3 4 5 6 8 9 1 2 7
6 8 9 1 2 7 3 4 5
1 2 3 4 5 6 7 9 8
4 5 6 7 9 8 2 1 3
8 9 7 2 1 3 4 5 6
2 6 8 9 3 1 5 7 4
5 3 4 8 7 2 9 6 1
9 7 1 5 6 4 8 3 2

7 1 2 3 4 5 6 8 9
3 4 5 6 8 9 1 2 7
6 8 9 1 2 7 3 4 5
1 2 3 4 5 6 7 9 8
4 5 6 7 9 8 2 1 3
8 9 7 2 1 3 4 5 6
2 6 8 9 3 1 5 7 4
5 7 1 8 6 4 9 3 2
9 3 4 5 7 2 8 6 1

7 1 2 3 4 5 6 8 9
3 4 5 6 8 9 1 2 7
6 8 9 1 2 7 3 4 5
1 2 3 4 5 6 7 9 8
4 5 6 7 9 8 2 1 3
8 9 7 2 1 3 4 5 6
2 6 8 9 3 1 5 7 4
5 7 4 8 6 2 9 3 1
9 3 1 5 7 4 8 6 2

